50 0.500539 0.243482 0.045028
100 1.976143 0.934197 0.084870
150 4.346648 2.095265 0.130329
200 7.718302 3.830997 0.186155
250 12.147288 5.905013 0.267968
300 17.576913 8.576393 0.330124
350 24.898815 11.900801 0.385219
400 32.418021 15.832809 0.428847
450 43.013458 20.005799 0.507436
500 59.679157 26.358744 0.566321
50 0.008197 0.004044 0.009361
100 0.021006 0.012725 0.008337
150 0.047109 0.025751 0.011120
200 0.083708 0.044553 0.015059
250 0.127406 0.068930 0.019869
300 0.184731 0.091414 0.025373
350 0.251068 0.128019 0.027302
400 0.323351 0.165954 0.032521
450 0.414983 0.213401 0.037950
500 0.507375 0.254373 0.046526
50 0.008118 0.004186 0.010649
100 0.021364 0.013031 0.008981
150 0.046242 0.026355 0.014349
200 0.083844 0.045396 0.018615
250 0.130909 0.071662 0.023668
5 0.001846 0.000463 0.007013
10 0.000448 0.000589 0.000887
15 0.000811 0.000863 0.001285
20 0.001197 0.001205 0.001809
25 0.001860 0.001623 0.002241
30 0.002481 0.002485 0.004923
35 0.002927 0.002410 0.003276
40 0.003735 0.002957 0.005808
45 0.004539 0.003424 0.004109
50 0.005487 0.004060 0.004395
5 0.001941 0.000419 0.006598
10 0.000467 0.000554 0.000790
15 0.000760 0.000773 0.001212
20 0.001164 0.001078 0.001645
25 0.001674 0.001498 0.002085
30 0.002448 0.001913 0.002536
35 0.003073 0.002419 0.002954
40 0.003660 0.003038 0.003607
45 0.004508 0.003365 0.003842
50 0.005529 0.004071 0.004262
