0 5 5
1 5 5
2 5 5
3 5 5
4 5 5
5 5 5
6 5 5
7 5 5
8 5 5
9 5 5
10 5 5
11 5 5
12 5 5
13 5 5
14 5 5
15 5 5
16 5 5
17 5 5
18 5 5
19 5 5
20 4 5
21 4 5
22 4 5
23 4 5
24 4 5
25 4 5
26 4 5
27 4 5
28 4 5
29 4 1
30 4 1
31 4 1
32 4 1
33 4 1
34 4 1
35 4 1
36 4 1
37 4 1
38 4 1
39 4 1
40 4 1
41 4 1
42 4 1
43 4 1
44 4 1
45 4 1
46 4 1
47 4 1
48 4 1
49 4 1
50 4 1
51 4 1
52 4 1
53 4 1
54 4 1
55 4 1
56 4 1
57 4 1
58 4 1
59 4 1
60 4 1
61 4 1
62 4 1
63 4 1
64 4 1
65 4 1
66 4 1
67 4 1
68 4 1
69 4 1
70 4 1
71 4 1
72 4 1
73 4 1
74 4 1
75 4 1
76 4 1
77 4 1
78 4 1
79 4 1
80 4 1
81 4 1
82 4 1
83 4 1
84 4 1
85 4 1
86 4 1
87 4 1
88 4 1
89 4 1
90 4 1
91 4 1
92 4 1
93 4 1
94 4 1
95 4 1
96 4 1
97 4 1
98 4 1
99 4 1
100 4 1
101 4 1
102 4 1
103 4 1
104 4 1
105 4 1
106 4 1
107 4 1
108 4 1
109 4 1
110 4 1
111 4 1
112 4 1
113 4 1
114 4 1
115 4 1
116 4 1
117 4 1
118 4 1
119 4 1
120 4 1
121 4 1
122 4 1
123 4 1
124 4 1
125 4 1
126 4 1
127 4 1
128 4 1
129 4 1
130 4 1
131 4 1
132 4 1
133 4 1
134 4 1
135 4 1
136 4 1
137 4 1
138 4 1
139 4 1
140 4 1
141 4 1
142 4 1
143 4 1
144 4 1
145 4 1
146 4 1
147 4 1
148 4 1
149 4 1
150 4 1
151 4 1
152 4 1
153 4 1
154 4 1
155 4 1
156 4 1
157 4 1
158 4 1
159 4 1
160 4 1
161 4 1
162 4 1
163 4 1
164 4 1
165 4 1
166 4 1
167 4 1
168 4 1
169 4 1
170 4 1
171 4 1
172 4 1
173 4 1
174 4 1
175 4 1
176 4 1
177 4 1
178 4 1
179 4 1
180 4 1
181 4 1
182 4 1
183 4 1
184 4 1
185 4 1
186 4 1
187 4 1
188 4 1
189 4 1
190 4 1
191 4 1
192 4 1
193 4 1
194 4 1
195 4 1
196 4 1
197 4 1
198 4 1
199 4 1
200 3 1
201 3 1
202 3 1
203 3 1
204 3 1
205 3 1
206 3 1
207 3 1
208 3 1
209 3 1
210 3 1
211 3 1
212 3 1
213 3 1
214 3 1
215 3 1
216 3 1
217 3 1
218 3 1
219 3 1
220 3 1
221 3 1
222 3 1
223 3 1
224 3 1
225 3 1
226 3 1
227 3 1
228 3 1
229 3 1
230 3 1
231 3 1
232 3 1
233 3 1
234 3 1
235 3 1
236 3 1
237 3 1
238 3 1
239 3 1
240 3 1
241 3 1
242 3 1
243 3 1
244 3 1
245 3 1
246 3 1
247 3 1
248 3 1
249 3 1
250 3 1
251 3 1
252 3 1
253 3 1
254 3 1
255 3 1
256 3 1
257 3 1
258 3 1
259 3 1
260 3 1
261 3 1
262 3 1
263 3 1
264 3 1
265 3 1
266 3 1
267 3 1
268 3 1
269 3 1
270 3 1
271 3 1
272 3 1
273 3 1
274 3 1
275 3 1
276 3 1
277 3 1
278 3 1
279 3 1
280 3 1
281 3 1
282 3 1
283 3 1
284 3 1
285 3 1
286 3 1
287 3 1
288 3 1
289 3 1
290 3 1
291 3 1
292 3 1
293 3 1
294 3 1
295 3 1
296 3 1
297 3 1
298 3 1
299 3 1
300 3 1
301 3 1
302 3 1
303 3 1
304 3 1
305 3 1
306 3 1
307 3 1
308 3 1
309 3 1
310 3 1
311 3 1
312 3 1
313 3 1
314 3 1
315 3 1
316 3 1
317 3 1
318 3 1
319 3 1
320 3 1
321 3 1
322 3 1
323 3 1
324 3 1
325 3 1
326 3 1
327 3 1
328 3 1
329 3 1
330 3 1
331 3 1
332 3 1
333 3 1
334 3 1
335 3 1
336 3 1
337 3 1
338 3 1
339 3 1
340 3 1
341 3 1
342 3 1
343 3 1
344 3 1
345 3 1
346 3 1
347 3 1
348 3 1
349 3 1
350 3 1
351 3 1
352 3 1
353 3 1
354 3 1
355 3 1
356 3 1
357 3 1
358 3 1
359 3 1
360 3 1
361 3 1
362 3 1
363 3 1
364 3 1
365 3 1
366 3 1
367 3 1
368 3 1
369 3 1
370 3 1
371 3 1
372 3 1
373 3 1
374 3 1
375 3 1
376 3 1
377 3 1
378 3 1
379 3 1
380 3 1
381 3 1
382 3 1
383 3 1
384 3 1
385 3 1
386 3 1
387 3 1
388 3 1
389 3 1
390 3 1
391 3 1
392 3 1
393 3 1
394 3 1
395 3 1
396 3 1
397 3 1
398 3 1
399 3 1
400 3 1
401 3 1
402 3 1
403 3 1
404 3 1
405 3 1
406 3 1
407 3 1
408 3 1
409 3 1
410 3 1
411 3 1
412 3 1
413 3 1
414 3 1
415 3 1
416 3 1
417 3 1
418 3 1
419 3 1
420 3 1
421 3 1
422 3 1
423 3 1
424 3 1
425 3 1
426 3 1
427 3 1
428 3 1
429 3 1
430 3 1
431 3 1
432 3 1
433 3 1
434 3 1
435 3 1
436 3 1
437 3 1
438 3 1
439 3 1
440 3 1
441 3 1
442 3 1
443 3 1
444 3 1
445 3 1
446 3 1
447 3 1
448 3 1
449 3 1
450 3 1
451 3 1
452 3 1
453 3 1
454 3 1
455 3 1
456 3 1
457 3 1
458 3 1
459 3 1
460 3 1
461 3 1
462 3 1
463 3 1
464 3 1
465 3 1
466 3 1
467 3 1
468 3 1
469 3 1
470 3 1
471 3 1
472 3 1
473 3 1
474 3 1
475 3 1
476 3 1
477 3 1
478 3 1
479 3 1
480 3 1
481 3 1
482 3 1
483 3 1
484 3 1
485 3 1
486 3 1
487 3 1
488 3 1
489 3 1
490 3 1
491 3 1
492 3 1
493 3 1
494 3 1
495 3 1
496 3 1
497 3 1
498 3 1
499 3 1
