0 58 53
1 80 81
2 110 125
3 151 183
4 190 238
5 217 296
6 236 355
7 262 392
8 256 369
9 244 383
10 226 414
11 204 453
12 205 445
13 204 438
14 173 432
15 141 390
16 125 347
17 119 343
18 114 316
19 112 273
20 116 235
21 112 217
22 136 211
23 131 183
24 116 143
25 118 139
26 118 96
27 146 97
28 161 105
29 176 79
30 205 84
31 242 99
32 289 106
33 322 121
34 375 97
35 415 109
36 460 96
37 537 96
38 589 111
39 563 135
40 581 163
41 513 183
42 410 227
43 307 264
44 251 313
45 258 318
46 225 299
47 207 251
48 181 222
49 169 164
50 130 120
51 116 66
52 107 51
53 113 61
54 133 34
55 144 17
56 177 7
57 180 7
58 190 8
59 240 10
60 278 10
61 301 10
62 340 12
63 392 16
64 418 21
65 500 26
66 536 23
67 499 29
68 536 26
69 492 30
70 425 28
71 330 21
72 328 22
73 262 22
74 217 13
75 208 11
76 227 5
77 222 0
78 211 0
79 170 0
80 156 0
81 182 0
82 171 0
83 167 0
84 187 0
85 216 0
86 248 0
87 271 0
88 272 0
89 299 0
90 323 0
91 381 0
92 374 0
93 368 0
94 341 0
95 332 0
96 333 0
97 333 0
98 322 0
99 299 0
100 285 0
101 268 0
102 250 0
103 214 0
104 209 0
105 189 0
106 204 0
107 206 0
108 206 0
109 210 0
110 230 0
111 233 0
112 253 0
113 265 0
114 302 0
115 308 0
116 322 0
117 349 0
118 368 0
119 380 0
120 384 0
121 384 0
122 350 0
123 308 0
124 265 0
125 237 0
126 207 0
127 166 0
128 149 0
129 124 0
130 129 0
131 110 0
132 93 0
133 105 0
134 118 0
135 156 0
136 192 0
137 213 0
138 241 0
139 272 0
140 299 0
141 341 0
142 369 0
143 435 0
144 510 0
145 522 0
146 604 0
147 618 0
148 600 0
149 560 0
150 540 0
151 461 0
152 387 0
153 337 0
154 277 0
155 244 0
156 201 0
157 170 0
158 111 0
159 102 0
160 114 0
161 121 0
162 120 0
163 145 0
164 156 0
165 180 0
166 235 0
167 301 0
168 385 0
169 430 0
170 483 0
171 510 0
172 566 0
173 589 0
174 603 0
175 514 0
176 486 0
177 459 0
178 392 0
179 351 0
180 250 0
181 197 0
182 138 0
183 129 0
184 112 0
185 85 0
186 79 0
187 87 0
188 93 0
189 106 0
190 118 0
191 145 0
192 197 0
193 257 0
194 297 0
195 343 0
196 367 0
197 401 0
198 455 0
199 512 0
200 553 0
201 579 0
202 565 0
203 584 0
204 540 0
205 467 0
206 401 0
207 297 0
208 254 0
209 199 0
210 177 0
211 136 0
212 112 0
213 111 0
214 101 0
215 88 0
216 91 0
217 92 0
218 101 0
219 122 0
220 117 0
221 140 0
222 173 0
223 223 0
224 259 0
225 289 0
226 364 0
227 439 0
228 521 0
229 548 0
230 589 0
231 616 0
232 652 0
233 651 0
234 630 0
235 557 0
236 447 0
237 376 0
238 308 0
239 254 0
240 211 0
241 199 0
242 176 0
243 146 0
244 150 0
245 147 0
246 152 0
247 144 0
248 152 0
249 146 0
250 156 0
251 174 0
252 188 0
253 227 0
254 269 0
255 321 0
256 335 0
257 380 0
258 441 0
259 460 0
260 499 0
261 532 0
262 488 0
263 464 0
264 399 0
265 372 0
266 318 0
267 276 0
268 240 0
269 237 0
270 201 0
271 184 0
272 144 0
273 133 0
274 116 0
275 108 0
276 117 0
277 111 0
278 122 0
279 127 0
280 152 0
281 176 0
282 208 0
283 241 0
284 281 0
285 295 0
286 335 0
287 391 0
288 398 0
289 450 0
290 475 0
291 535 0
292 532 0
293 567 0
294 530 0
295 485 0
296 432 0
297 404 0
298 377 0
299 378 0
300 343 0
301 296 0
302 251 0
303 232 0
304 211 0
305 198 0
306 224 0
307 234 0
308 239 0
309 252 0
310 244 0
311 212 0
312 217 0
313 234 0
314 203 0
315 197 0
316 245 0
317 249 0
318 259 0
319 279 0
320 303 0
321 323 0
322 343 0
323 357 0
324 362 0
325 359 0
326 338 0
327 349 0
328 372 0
329 311 0
330 298 0
331 288 0
332 246 0
333 247 0
334 264 0
335 260 0
336 258 0
337 208 0
338 204 0
339 204 0
340 195 0
341 178 0
342 190 0
343 194 0
344 212 0
345 236 0
346 269 0
347 282 0
348 309 0
349 320 0
350 356 0
351 413 0
352 436 0
353 436 0
354 406 0
355 410 0
356 397 0
357 354 0
358 332 0
359 288 0
360 314 0
361 299 0
362 259 0
363 242 0
364 212 0
365 209 0
366 186 0
367 161 0
368 129 0
369 137 0
370 131 0
371 147 0
372 155 0
373 166 0
374 196 0
375 215 0
376 233 0
377 265 0
378 285 0
379 353 0
380 415 0
381 445 0
382 436 0
383 462 0
384 487 0
385 457 0
386 461 0
387 395 0
388 345 0
389 284 0
390 254 0
391 209 0
392 178 0
393 132 0
394 110 0
395 99 0
396 116 0
397 107 0
398 121 0
399 126 0
400 161 0
401 172 0
402 213 0
403 244 0
404 289 0
405 323 0
406 381 0
407 400 0
408 426 0
409 469 0
410 489 0
411 520 0
412 490 0
413 460 0
414 420 0
415 421 0
416 390 0
417 354 0
418 317 0
419 269 0
420 200 0
421 150 0
422 132 0
423 136 0
424 157 0
425 166 0
426 165 0
427 186 0
428 167 0
429 183 0
430 216 0
431 232 0
432 239 0
433 282 0
434 299 0
435 330 0
436 368 0
437 383 0
438 404 0
439 400 0
440 420 0
441 470 0
442 422 0
443 379 0
444 332 0
445 324 0
446 280 0
447 264 0
448 222 0
449 217 0
450 208 0
451 221 0
452 209 0
453 212 0
454 191 0
455 208 0
456 220 0
457 206 0
458 221 0
459 245 0
460 258 0
461 266 0
462 270 0
463 269 0
464 276 0
465 290 0
466 294 0
467 295 0
468 298 0
469 318 0
470 306 0
471 307 0
472 301 0
473 297 0
474 298 0
475 287 0
476 298 0
477 281 0
478 286 0
479 283 0
480 298 0
481 286 0
482 317 0
483 306 0
484 314 0
485 300 0
486 260 0
487 246 0
488 216 0
489 229 0
490 218 0
491 208 0
492 221 0
493 222 0
494 230 0
495 248 0
496 259 0
497 262 0
498 293 0
499 286 0
